0001101101010111
1110010001010010
1111001100010001
0000101101110010
1111110101100101
0001010000001010
1111001111110001
0000001001110110
0000010100111011
0001010001001001
0000100100000110
1111001100100111
1110111010101110
1111111100001110
0001110111000111
0000011011111010
0000001110011011
1111011011110000
0000000000100010
1111001110010010
1110100101001000
0000101010011010
0001010110010011
1110100010110100
0001000110100011
1110101100010000
0010100010101011
1111110110000011
1111111000011101
0001000110110110